0	0	0	0	0	0	0	0
5	1	0	0	-10.3795	-83.941	0	0
0	1	0	0	0	0	0	0
3	1	0	0	-23.942	-76.111	-52.526	-59.608
0	1	0	0	0	0	0	0
5	1	0	0	-68.357	-50.468	0	0
0	1	0	0	0	0	0	0
5	1	0	0	-77.885	-31.1185	0	0
0	1	0	0	0	0	0	0
5	1	0	0	-77.885	0	0	0
0	1	0	0	0	0	0	0
5	1	0	0	-77.885	33.4075	0	0
0	1	0	0	0	0	0	0
5	1	0	0	-68.457	50.41	0	0
0	1	0	0	0	0	0	0
3	1	0	0	-53.818	58.862	-25.368	75.287
0	1	0	0	0	0	0	0
5	1	0	0	-9.525	84.4345	0	0
0	1	0	0	0	0	0	0
5	1	0	0	11.894	83.067	0	0
0	1	0	0	0	0	0	0
3	1	0	0	35.074	69.684	49.62	61.286
0	1	0	0	0	0	0	0
5	1	0	0	67.8755	50.746	0	0
0	1	0	0	0	0	0	0
5	1	0	0	77.885	32.815	0	0
0	1	0	0	0	0	0	0
3	1	0	0	77.885	16.897	77.885	-18.122
0	1	0	0	0	0	0	0
5	1	0	0	77.885	-32.7425	0	0
0	1	0	0	0	0	0	0
5	1	0	0	65.6975	-52.0035	0	0
0	1	0	0	0	0	0	0
3	1	0	0	50.688	-60.669	34.86	-69.807
0	1	0	0	0	0	0	0
5	1	0	0	10.0115	-84.154	0	0
0	1	0	0	0	0	0	0
3	1	0	0	1.747	-76.36	1.747	-9.278
0	1	0	0	0	0	0	0
3	1	0	0	1.747	9.278	1.747	76.35
0	1	0	0	0	0	0	0
3	1	0	0	-67.904	37.191	-8.908	3.13
0	1	0	0	0	0	0	0
5	1	0	0	11.3315	-6.5425	0	0
0	1	0	0	0	0	0	0
3	1	0	0	27.426	-15.835	66.76	-38.544
0	1	0	0	0	0	0	0
3	1	0	0	66.761	38.545	16.953	9.788
0	1	0	0	0	0	0	0
5	1	0	0	-11.331	-6.542	0	0
0	1	0	0	0	0	0	0
3	1	0	0	-27.425	-15.834	-66.761	-38.544
