0	0	0	0	0	0	0	0
3	1	0	0	-9.52825	-84.4325	-11.23075	-83.4495
0	1	0	0	0	0	0	0
3	1	0	0	-23.942	-76.111	-52.526	-59.608
0	1	0	0	0	0	0	0
3	1	0	0	-67.788	-50.7965	-68.926	-50.1395
0	1	0	0	0	0	0	0
3	1	0	0	-77.885	-33.19875	-77.885	-29.03825
0	1	0	0	0	0	0	0
3	1	0	0	-77.885	-2.358	-77.885	2.358
0	1	0	0	0	0	0	0
3	1	0	0	-77.885	32.47175	-77.885	34.34325
0	1	0	0	0	0	0	0
3	1	0	0	-69.532	49.7895	-67.382	51.0305
0	1	0	0	0	0	0	0
3	1	0	0	-53.818	58.862	-25.368	75.287
0	1	0	0	0	0	0	0
3	1	0	0	-10.0925	84.10675	-8.9575	84.76225
0	1	0	0	0	0	0	0
3	1	0	0	10.142	84.0785	13.646	82.0555
0	1	0	0	0	0	0	0
3	1	0	0	35.074	69.684	49.62	61.286
0	1	0	0	0	0	0	0
3	1	0	0	67.06575	51.2135	68.68525	50.2785
0	1	0	0	0	0	0	0
3	1	0	0	77.885	33.5885	77.885	32.0415
0	1	0	0	0	0	0	0
3	1	0	0	77.885	16.897	77.885	-18.122
0	1	0	0	0	0	0	0
3	1	0	0	77.885	-31.47425	77.885	-34.01075
0	1	0	0	0	0	0	0
3	1	0	0	67.24825	-51.10825	64.14675	-52.89875
0	1	0	0	0	0	0	0
3	1	0	0	50.688	-60.669	34.86	-69.807
0	1	0	0	0	0	0	0
3	1	0	0	10.82225	-83.686	9.20075	-84.622
0	1	0	0	0	0	0	0
3	1	0	0	1.747	-76.36	1.747	-9.278
0	1	0	0	0	0	0	0
3	1	0	0	1.747	9.278	1.747	76.35
0	1	0	0	0	0	0	0
3	1	0	0	-67.904	37.191	-8.908	3.13
0	1	0	0	0	0	0	0
3	1	0	0	9.77925	-5.64625	12.88375	-7.43875
0	1	0	0	0	0	0	0
3	1	0	0	27.426	-15.835	66.76	-38.544
0	1	0	0	0	0	0	0
3	1	0	0	66.761	38.545	16.953	9.788
0	1	0	0	0	0	0	0
3	1	0	0	-9.779	-5.646	-12.883	-7.438
0	1	0	0	0	0	0	0
3	1	0	0	-27.425	-15.834	-66.761	-38.544
